S,1,2,1,1,1,1,0,1,-23,0,200,400,500,1000,0,0,1,3,4,5,0,200,400,500,1000,0,0,0,1,0,5,0,200,400,500,1000,0,0,1,3,4,5,0,200,400,500,1000,0,0,1,3,4,5,0,200,400,500,1000,0,0,1,3,4,5,0,200,400,500,1000,0,0,1,3,4,5,-1,0,5000,0,-1,5000,5000,0,-1

AFH,1,100,0
AFM,1,2,2,1,1,0,0,0,3,3,-6,-6,-10,-11,-12,-10,-6,-5,-5,5,5,8,10,10,20,20,20,20,150,150,150,150,150,150,150,150,150,3,7,0,1,0,-1,10,150,230,230,120,120,2,0,4,0,2,0,4,0,-10,-20,25,150,-1,300
AFP,1,2,2,1,1,0,0,0,3,3,-7,-10,-17,-18,-20,-13,-6,-5,-5,5,5,8,10,10,20,20,20,20,150,150,150,150,150,150,150,150,150,3,7,0,1,0,-3,10,150,230,230,120,120,2,0,4,0,2,0,4,0,-10,-20,25,150,-1,300
AFV,1,-1,0,1,3,4,4,1,1,0,-6,-6,-10,-11,-12,-10,-6,-5,-5,5,5,8,10,10,20,20,20,20,150,150,150,150,150,150,150,150,150,3,8,0,1,1,-1,10,150,230,230,120,120,2,0,4,0,2,0,4,0,-10,-20,25,150,-1,300
AFC,1,2,2,1,1,0,0,0,3,3,-6,-6,-10,-11,-12,-10,-6,-5,-5,5,5,8,10,10,20,20,20,20,150,150,150,150,150,150,150,150,150,3,7,0,1,0,-1,10,150,230,230,120,120,2,0,4,0,2,0,4,0,-10,-20,25,150,-1,300
AFAM,1,1,180,160,7,1,250,165,5,1,500,250,-4,1,650,250,-16,1,780,100,-6,1,950,300,-2,1,1500,1000,6,1,3700,2000,-1,1,8000,2000,6,1,6800,1000,5,1,10000,2000,6,1,2400,1600,-10,1,4000,1000,6,1,5400,1000,-6,1,1600,400,-2,1,3100,700,2,0,6500,800,-2,0,12000,4000,-2,0,1500,1000,-1,0,1000,200,7
AFAP,1,1,180,160,7,1,250,165,5,1,500,250,-4,1,650,250,-16,1,780,100,-6,1,950,300,-2,1,1500,1000,6,1,3700,2000,-1,1,8000,2000,6,1,6800,1000,5,1,10000,2000,6,1,2400,1600,-10,1,4000,1000,6,1,5400,1000,-6,1,1600,400,-2,1,3100,700,2,0,6500,800,-2,0,12000,4000,-2,0,1500,1000,-1,0,1000,200,7
AFAV,1,1,180,160,7,1,250,165,5,1,500,250,-4,1,650,250,-16,1,780,100,-6,1,950,300,-2,1,1500,1000,6,1,3700,2000,-1,1,8000,2000,6,1,6800,1000,5,1,10000,2000,6,1,2400,1600,-10,1,4000,1000,6,1,5400,1000,-6,1,1600,400,-2,1,3100,700,2,0,6500,800,-2,0,12000,4000,-2,0,1500,1000,-1,0,1000,200,7
AFAC,1,1,180,160,7,1,250,165,5,1,500,250,-4,1,650,250,-16,1,780,100,-6,1,950,300,-2,1,1500,1000,6,1,3700,2000,-1,1,8000,2000,6,1,6800,1000,5,1,10000,2000,6,1,2400,1600,-10,1,4000,1000,6,1,5400,1000,-6,1,1600,400,-2,1,3100,700,2,0,6500,800,-2,0,12000,4000,-2,0,1500,1000,-1,0,1000,200,7
AMH,1,100,0
AMM,1,2,2,1,1,0,0,0,3,3,-6,-6,-10,-11,-12,-10,-6,-5,-5,5,5,8,10,10,20,20,20,20,150,150,150,150,150,150,150,150,150,3,6,0,1,0,-1,10,150,230,230,120,120,2,0,4,0,2,0,4,0,-10,-20,25,150,-1,300
AMP,1,2,2,1,1,0,0,0,3,3,-7,-10,-17,-18,-20,-13,-6,-5,-5,5,5,8,10,10,20,20,20,20,150,150,150,150,150,150,150,150,150,3,6,0,1,0,-3,10,150,230,230,120,120,2,0,4,0,2,0,4,0,-10,-20,25,150,-1,300
AMV,1,-1,0,1,3,4,4,1,1,0,-6,-6,-10,-11,-12,-10,-6,-5,-5,5,5,8,10,10,20,20,20,20,150,150,150,150,150,150,150,150,150,3,7,0,1,1,-1,10,150,230,230,120,120,2,0,4,0,2,0,4,0,-10,-20,25,150,-1,300
AMC,1,2,2,1,1,0,0,0,3,3,-6,-6,-10,-11,-12,-10,-6,-5,-5,5,5,8,10,10,20,20,20,20,150,150,150,150,150,150,150,150,150,3,6,0,1,0,-1,10,150,230,230,120,120,2,0,4,0,2,0,4,0,-10,-20,25,150,-1,300
AMAM,1,1,180,160,7,1,250,165,5,1,500,250,-4,1,650,250,-16,1,780,100,-6,1,950,300,-2,1,1500,1000,6,1,3700,2000,-1,1,8000,2000,6,1,6800,1000,5,1,10000,2000,6,1,2400,1600,-10,1,4000,1000,6,1,5400,1000,-6,1,1600,400,-2,1,3100,700,2,0,6500,800,-2,0,12000,4000,-2,0,1500,1000,-1,0,1000,200,7
AMAP,1,1,180,160,7,1,250,165,5,1,500,250,-4,1,650,250,-16,1,780,100,-6,1,950,300,-2,1,1500,1000,6,1,3700,2000,-1,1,8000,2000,6,1,6800,1000,5,1,10000,2000,6,1,2400,1600,-10,1,4000,1000,6,1,5400,1000,-6,1,1600,400,-2,1,3100,700,2,0,6500,800,-2,0,12000,4000,-2,0,1500,1000,-1,0,1000,200,7
AMAV,1,1,180,160,7,1,250,165,5,1,500,250,-4,1,650,250,-16,1,780,100,-6,1,950,300,-2,1,1500,1000,6,1,3700,2000,-1,1,8000,2000,6,1,6800,1000,5,1,10000,2000,6,1,2400,1600,-10,1,4000,1000,6,1,5400,1000,-6,1,1600,400,-2,1,3100,700,2,0,6500,800,-2,0,12000,4000,-2,0,1500,1000,-1,0,1000,200,7
AMAC,1,1,180,160,7,1,250,165,5,1,500,250,-4,1,650,250,-16,1,780,100,-6,1,950,300,-2,1,1500,1000,6,1,3700,2000,-1,1,8000,2000,6,1,6800,1000,5,1,10000,2000,6,1,2400,1600,-10,1,4000,1000,6,1,5400,1000,-6,1,1600,400,-2,1,3100,700,2,0,6500,800,-2,0,12000,4000,-2,0,1500,1000,-1,0,1000,200,7

BFH,1,100,0
BFM,1,2,2,1,1,0,0,0,3,3,-6,-6,-11,-12,-13,-11,-7,-6,-6,5,5,8,10,10,20,20,20,20,150,150,150,150,150,150,150,150,150,3,6,0,1,0,-1,10,150,230,230,120,120,2,0,4,0,2,0,4,0,-10,-20,25,150,-1,300
BFP,1,2,2,1,1,0,0,0,3,3,-7,-7,-16,-18,-20,-16,-7,-6,-6,5,5,8,10,10,20,20,20,20,150,150,150,150,150,150,150,150,150,3,6,0,1,0,-2,10,150,230,230,120,120,2,0,4,0,2,0,4,0,-10,-20,25,150,-1,300
BFV,1,-1,0,1,3,4,4,1,1,0,-6,-6,-11,-12,-13,-11,-7,-6,-6,5,5,8,10,10,20,20,20,20,150,150,150,150,150,150,150,150,150,3,7,0,1,1,-1,10,150,230,230,120,120,2,0,4,0,2,0,4,0,-10,-20,25,150,-1,300
BFC,1,2,2,1,1,0,0,0,3,3,-6,-6,-11,-12,-13,-11,-7,-6,-6,5,5,8,10,10,20,20,20,20,150,150,150,150,150,150,150,150,150,3,6,0,1,0,-1,10,150,230,230,120,120,2,0,4,0,2,0,4,0,-10,-20,25,150,-1,300
BFAM,1,1,180,160,4,1,250,165,4,1,500,250,-3,1,700,250,-9,1,1000,300,-1,1,1300,300,5,1,4200,1200,-7,1,2000,1000,3,1,4000,2000,-5,1,11000,2000,-9,1,14000,2000,2,1,2850,500,-2,1,9350,1500,4,1,7700,1400,4,1,6000,1000,3,1,3450,500,3,1,5400,400,0,1,1500,1000,3,1,8200,800,-2,0,396,262,5
BFAP,1,1,180,160,4,1,250,165,4,1,500,250,-3,1,700,250,-9,1,1000,300,-1,1,1300,300,5,1,4200,1200,-7,1,2000,1000,3,1,4000,2000,-5,1,11000,2000,-9,1,14000,2000,2,1,2850,500,-2,1,9350,1500,4,1,7700,1400,4,1,6000,1000,3,1,3450,500,3,1,5400,400,0,1,1500,1000,3,1,8200,800,-2,0,396,262,5
BFAV,1,1,180,160,4,1,250,165,4,1,500,250,-3,1,700,250,-9,1,1000,300,-1,1,1300,300,5,1,4200,1200,-7,1,2000,1000,3,1,4000,2000,-5,1,11000,2000,-9,1,14000,2000,2,1,2850,500,-2,1,9350,1500,4,1,7700,1400,4,1,6000,1000,3,1,3450,500,3,1,5400,400,0,1,1500,1000,3,1,8200,800,-2,0,396,262,5
BFAC,1,1,180,160,4,1,250,165,4,1,500,250,-3,1,700,250,-9,1,1000,300,-1,1,1300,300,5,1,4200,1200,-7,1,2000,1000,3,1,4000,2000,-5,1,11000,2000,-9,1,14000,2000,2,1,2850,500,-2,1,9350,1500,4,1,7700,1400,4,1,6000,1000,3,1,3450,500,3,1,5400,400,0,1,1500,1000,3,1,8200,800,-2,0,396,262,5
BMH,1,100,0
BMM,1,2,2,1,1,0,0,0,3,3,-7,-8,-12,-12,-13,-11,-7,-7,-7,5,5,8,10,10,20,20,20,20,150,150,150,150,150,150,150,150,150,3,6,0,1,0,-2,10,150,230,230,120,120,2,0,4,0,2,0,4,0,-10,-20,25,150,-1,300
BMP,1,2,2,1,1,0,0,0,3,3,-8,-9,-18,-18,-20,-16,-7,-7,-7,5,5,8,10,10,20,20,20,20,150,150,150,150,150,150,150,150,150,3,6,0,1,0,-3,10,150,230,230,120,120,2,0,4,0,2,0,4,0,-10,-20,25,150,-1,300
BMV,1,-1,0,1,3,4,4,1,1,0,-7,-8,-12,-12,-13,-11,-7,-7,-7,5,5,8,10,10,20,20,20,20,150,150,150,150,150,150,150,150,150,3,7,0,1,1,-2,10,150,230,230,120,120,2,0,4,0,2,0,4,0,-10,-20,25,150,-1,300
BMC,1,2,2,1,1,0,0,0,3,3,-7,-8,-12,-12,-13,-11,-7,-7,-7,5,5,8,10,10,20,20,20,20,150,150,150,150,150,150,150,150,150,3,6,0,1,0,-2,10,150,230,230,120,120,2,0,4,0,2,0,4,0,-10,-20,25,150,-1,300
BMAM,1,1,180,160,4,1,250,165,5,1,500,250,-2,1,700,250,-9,1,1000,300,-1,1,1300,300,5,1,4200,1200,-7,1,2000,1000,3,1,4000,2000,-5,1,11000,2000,-9,1,14000,2000,2,1,2850,500,-2,1,9350,1500,4,1,7700,1400,4,1,6000,1000,3,1,3450,500,3,1,5400,400,0,1,1500,1000,3,1,8200,800,-2,0,396,262,5
BMAP,1,1,180,160,4,1,250,165,5,1,500,250,-2,1,700,250,-9,1,1000,300,-1,1,1300,300,5,1,4200,1200,-7,1,2000,1000,3,1,4000,2000,-5,1,11000,2000,-9,1,14000,2000,2,1,2850,500,-2,1,9350,1500,4,1,7700,1400,4,1,6000,1000,3,1,3450,500,3,1,5400,400,0,1,1500,1000,3,1,8200,800,-2,0,396,262,5
BMAV,1,1,180,160,4,1,250,165,5,1,500,250,-2,1,700,250,-9,1,1000,300,-1,1,1300,300,5,1,4200,1200,-7,1,2000,1000,3,1,4000,2000,-5,1,11000,2000,-9,1,14000,2000,2,1,2850,500,-2,1,9350,1500,4,1,7700,1400,4,1,6000,1000,3,1,3450,500,3,1,5400,400,0,1,1500,1000,3,1,8200,800,-2,0,396,262,5
BMAC,1,1,180,160,4,1,250,165,5,1,500,250,-2,1,700,250,-9,1,1000,300,-1,1,1300,300,5,1,4200,1200,-7,1,2000,1000,3,1,4000,2000,-5,1,11000,2000,-9,1,14000,2000,2,1,2850,500,-2,1,9350,1500,4,1,7700,1400,4,1,6000,1000,3,1,3450,500,3,1,5400,400,0,1,1500,1000,3,1,8200,800,-2,0,396,262,5

CFH,1,120,0
CFM,1,3,4,5,2,1,2,1,2,3,-6,-6,-6,-6,-6,-6,-6,-6,-6,50,50,10,10,10,10,10,10,10,500,500,150,150,150,150,150,150,150,3,9,0,1,1,-3,20,150,230,230,120,120,2,0,4,0,2,0,4,0,-10,-20,25,150,-1,300
CFP,1,3,4,5,2,1,2,1,2,3,-6,-6,-6,-6,-6,-6,-6,-6,-6,10,10,10,10,10,10,10,10,10,150,150,150,150,150,150,150,150,150,3,9,0,1,1,-3,20,150,230,230,120,120,2,0,4,0,2,0,4,0,-10,-20,25,150,-1,300
CFV,1,3,4,5,2,1,2,1,2,3,-6,-6,-6,-6,-6,-6,-6,-6,-6,10,10,10,10,10,10,10,10,10,150,150,150,150,150,150,150,150,150,3,9,0,1,1,-3,20,150,230,230,120,120,2,0,4,0,2,0,4,0,-10,-20,25,150,-1,300
CFC,1,3,4,5,2,1,2,1,2,3,-6,-6,-6,-6,-6,-6,-6,-6,-6,10,10,10,10,10,10,10,10,10,150,150,150,150,150,150,150,150,150,3,9,0,1,1,-3,20,150,230,230,120,120,2,0,4,0,2,0,4,0,-10,-20,25,150,-1,300
CFAM,1,1,240,250,6,1,690,320,-10,1,1500,1000,3,1,2100,1200,2,1,3500,1200,-14,1,3700,600,-3,1,4000,1000,-1,1,6100,4000,5,1,7200,2500,4,0,9000,1300,-1,0,2000,1600,2,0,550,100,-3,0,230,183,2,0,1800,2860,0,0,4600,800,0,0,3500,800,-12,0,12000,2000,7,0,8500,1000,-11,0,1000,200,7,0,396,262,5
CFAP,1,1,240,250,6,1,690,320,-10,1,1500,1000,3,1,2100,1200,2,1,3500,1200,-14,1,3700,600,-3,1,4000,1000,-1,1,6100,4000,5,1,7200,2500,4,0,9000,1300,-1,0,2000,1600,2,0,550,100,-3,0,230,183,2,0,1800,2860,0,0,4600,800,0,0,3500,800,-12,0,12000,2000,7,0,8500,1000,-11,0,1000,200,7,0,396,262,5
CFAV,1,1,240,250,6,1,690,320,-10,1,1500,1000,3,1,2100,1200,2,1,3500,1200,-14,1,3700,600,-3,1,4000,1000,-1,1,6100,4000,5,1,7200,2500,4,0,9000,1300,-1,0,2000,1600,2,0,550,100,-3,0,230,183,2,0,1800,2860,0,0,4600,800,0,0,3500,800,-12,0,12000,2000,7,0,8500,1000,-11,0,1000,200,7,0,396,262,5
CFAC,1,1,240,250,6,1,690,320,-10,1,1500,1000,3,1,2100,1200,2,1,3500,1200,-14,1,3700,600,-3,1,4000,1000,-1,1,6100,4000,5,1,7200,2500,4,0,9000,1300,-1,0,2000,1600,2,0,550,100,-3,0,230,183,2,0,1800,2860,0,0,4600,800,0,0,3500,800,-12,0,12000,2000,7,0,8500,1000,-11,0,1000,200,7,0,396,262,5
CMH,1,100,0
CMM,1,3,4,5,2,1,2,1,2,3,-6,-6,-6,-6,-6,-6,-6,-6,-6,8,10,8,10,10,10,10,10,10,150,150,150,150,150,150,150,150,150,3,9,0,1,1,-3,20,150,230,230,120,120,2,0,4,0,2,0,4,0,-10,-20,25,150,-1,300
CMP,1,3,4,5,2,1,2,1,2,3,-6,-6,-6,-6,-6,-6,-6,-6,-6,10,10,10,10,10,10,10,10,10,150,150,150,150,150,150,150,150,150,3,9,0,1,1,-3,20,150,230,230,120,120,2,0,4,0,2,0,4,0,-10,-20,25,150,-1,300
CMV,1,3,4,5,2,1,2,1,2,3,-6,-6,-6,-6,-6,-6,-6,-6,-6,10,10,10,10,10,10,10,10,10,150,150,150,150,150,150,150,150,150,3,9,0,1,1,-3,20,150,230,230,120,120,2,0,4,0,2,0,4,0,-10,-20,25,150,-1,300
CMC,1,3,4,5,2,1,2,1,2,3,-6,-6,-6,-6,-6,-6,-6,-6,-6,10,10,10,10,10,10,10,10,10,150,150,150,150,150,150,150,150,150,3,9,0,1,1,-3,20,150,230,230,120,120,2,0,4,0,2,0,4,0,-10,-20,25,150,-1,300
CMAM,1,1,190,160,3,1,690,320,-15,1,3000,600,-2,1,3500,1200,-12,1,3800,500,-5,1,5500,2000,-2,1,6100,4000,4,1,7200,2500,3,1,9000,1300,-3,3,150,1400,-1,0,2000,1600,2,0,550,100,-3,0,230,183,2,0,1800,2860,0,0,4600,800,0,0,3500,800,-12,0,12000,2000,7,0,8500,1000,-11,0,1000,200,7,0,396,262,5
CMAP,1,1,190,160,3,1,690,320,-15,1,3000,600,-2,1,3500,1200,-12,1,3800,500,-5,1,5500,2000,-2,1,6100,4000,4,1,7200,2500,3,1,9000,1300,-3,3,150,1400,-1,0,2000,1600,2,0,550,100,-3,0,230,183,2,0,1800,2860,0,0,4600,800,0,0,3500,800,-12,0,12000,2000,7,0,8500,1000,-11,0,1000,200,7,0,396,262,5
CMAV,1,1,190,160,3,1,690,320,-15,1,3000,600,-2,1,3500,1200,-12,1,3800,500,-5,1,5500,2000,-2,1,6100,4000,4,1,7200,2500,3,1,9000,1300,-3,3,150,1400,-1,0,2000,1600,2,0,550,100,-3,0,230,183,2,0,1800,2860,0,0,4600,800,0,0,3500,800,-12,0,12000,2000,7,0,8500,1000,-11,0,1000,200,7,0,396,262,5
CMAC,1,1,190,160,3,1,690,320,-15,1,3000,600,-2,1,3500,1200,-12,1,3800,500,-5,1,5500,2000,-2,1,6100,4000,4,1,7200,2500,3,1,9000,1300,-3,3,150,1400,-1,0,2000,1600,2,0,550,100,-3,0,230,183,2,0,1800,2860,0,0,4600,800,0,0,3500,800,-12,0,12000,2000,7,0,8500,1000,-11,0,1000,200,7,0,396,262,5

DFH,1,140,0
DFM,1,0,5,6,0,0,3,5,4,2,-13,-13,-14,-16,-16,-16,-16,-12,-16,10,10,20,20,20,25,25,25,25,150,150,150,150,150,150,150,150,150,3,5,0,1,3,-3,100,150,230,230,120,120,2,0,4,0,2,0,4,0,-10,-20,25,150,-1,300
DFP,1,0,5,6,0,0,3,5,4,2,-13,-13,-15,-20,-20,-16,-16,-12,-16,10,10,20,20,20,25,25,25,25,150,150,150,150,150,150,150,150,150,3,5,0,1,3,-3,100,150,230,230,120,120,2,0,4,0,2,0,4,0,-10,-20,25,150,-1,300
DFV,1,-2,3,5,2,4,7,6,2,0,-13,-13,-14,-16,-16,-16,-16,-12,-16,10,10,20,20,20,25,25,25,25,150,150,150,150,150,150,150,150,150,3,6,0,1,4,-3,100,150,230,230,120,120,2,0,4,0,2,0,4,0,-10,-20,25,150,-1,300
DFC,1,0,5,6,0,0,3,5,4,2,-13,-13,-14,-16,-16,-16,-16,-12,-16,10,10,20,20,20,25,25,25,25,150,150,150,150,150,150,150,150,150,3,5,0,1,3,-3,100,150,230,230,120,120,2,0,4,0,2,0,4,0,-10,-20,25,150,-1,300
DFAM,1,0,150,200,1,1,250,175,3,1,450,206,1,1,650,200,-5,1,1650,600,1,1,5100,1600,-16,1,6650,1000,-3,1,2650,1000,-3,1,8890,500,-3,1,13000,1761,-7,1,4400,1100,-2,1,11000,2000,-3,1,7000,2000,-1,1,850,250,-2,0,4600,800,0,0,3500,800,-12,0,12000,2000,7,0,8500,1000,-11,0,1000,200,7,0,396,262,5
DFAP,1,0,150,200,1,1,250,175,3,1,450,206,1,1,650,200,-5,1,1650,600,1,1,5100,1600,-16,1,6650,1000,-3,1,2650,1000,-3,1,8890,500,-3,1,13000,1761,-7,1,4400,1100,-2,1,11000,2000,-3,1,7000,2000,-1,1,850,250,-2,0,4600,800,0,0,3500,800,-12,0,12000,2000,7,0,8500,1000,-11,0,1000,200,7,0,396,262,5
DFAV,1,0,150,200,1,1,250,175,3,1,450,206,1,1,650,200,-5,1,1650,600,1,1,5100,1600,-16,1,6650,1000,-3,1,2650,1000,-3,1,8890,500,-3,1,13000,1761,-7,1,4400,1100,-2,1,11000,2000,-3,1,7000,2000,-1,1,850,250,-2,0,4600,800,0,0,3500,800,-12,0,12000,2000,7,0,8500,1000,-11,0,1000,200,7,0,396,262,5
DFAC,1,0,150,200,1,1,250,175,3,1,450,206,1,1,650,200,-5,1,1650,600,1,1,5100,1600,-16,1,6650,1000,-3,1,2650,1000,-3,1,8890,500,-3,1,13000,1761,-7,1,4400,1100,-2,1,11000,2000,-3,1,7000,2000,-1,1,850,250,-2,0,4600,800,0,0,3500,800,-12,0,12000,2000,7,0,8500,1000,-11,0,1000,200,7,0,396,262,5
DMH,1,140,0
DMM,1,0,5,6,0,0,3,5,4,2,-13,-13,-14,-16,-16,-16,-16,-12,-16,10,10,20,20,20,25,25,25,25,150,150,150,150,150,150,150,150,150,3,5,0,1,3,-3,100,150,230,230,120,120,2,0,4,0,2,0,4,0,-10,-20,25,150,-1,300
DMP,1,0,5,6,0,0,3,5,4,2,-13,-13,-15,-20,-20,-16,-16,-12,-16,10,10,20,20,20,25,25,25,25,150,150,150,150,150,150,150,150,150,3,5,0,1,3,-3,100,150,230,230,120,120,2,0,4,0,2,0,4,0,-10,-20,25,150,-1,300
DMV,1,-2,3,5,2,4,7,6,2,0,-13,-13,-14,-16,-16,-16,-16,-12,-16,10,10,20,20,20,25,25,25,25,150,150,150,150,150,150,150,150,150,3,6,0,1,4,-3,100,150,230,230,120,120,2,0,4,0,2,0,4,0,-10,-20,25,150,-1,300
DMC,1,0,5,6,0,0,3,5,4,2,-13,-13,-14,-16,-16,-16,-16,-12,-16,10,10,20,20,20,25,25,25,25,150,150,150,150,150,150,150,150,150,3,5,0,1,3,-3,100,150,230,230,120,120,2,0,4,0,2,0,4,0,-10,-20,25,150,-1,300
DMAM,1,0,150,200,1,1,250,175,3,1,450,206,1,1,650,200,-5,1,1650,600,1,1,5100,1600,-16,1,6650,1000,-3,1,2650,1000,-3,1,8890,500,-3,1,13000,1761,-7,1,4400,1100,-2,1,11000,2000,-3,1,7000,2000,-1,1,850,250,-2,0,4600,800,0,0,3500,800,-12,0,12000,2000,7,0,8500,1000,-11,0,1000,200,7,0,396,262,5
DMAP,1,0,150,200,1,1,250,175,3,1,450,206,1,1,650,200,-5,1,1650,600,1,1,5100,1600,-16,1,6650,1000,-3,1,2650,1000,-3,1,8890,500,-3,1,13000,1761,-7,1,4400,1100,-2,1,11000,2000,-3,1,7000,2000,-1,1,850,250,-2,0,4600,800,0,0,3500,800,-12,0,12000,2000,7,0,8500,1000,-11,0,1000,200,7,0,396,262,5
DMAV,1,0,150,200,1,1,250,175,3,1,450,206,1,1,650,200,-5,1,1650,600,1,1,5100,1600,-16,1,6650,1000,-3,1,2650,1000,-3,1,8890,500,-3,1,13000,1761,-7,1,4400,1100,-2,1,11000,2000,-3,1,7000,2000,-1,1,850,250,-2,0,4600,800,0,0,3500,800,-12,0,12000,2000,7,0,8500,1000,-11,0,1000,200,7,0,396,262,5
DMAC,1,0,150,200,1,1,250,175,3,1,450,206,1,1,650,200,-5,1,1650,600,1,1,5100,1600,-16,1,6650,1000,-3,1,2650,1000,-3,1,8890,500,-3,1,13000,1761,-7,1,4400,1100,-2,1,11000,2000,-3,1,7000,2000,-1,1,850,250,-2,0,4600,800,0,0,3500,800,-12,0,12000,2000,7,0,8500,1000,-11,0,1000,200,7,0,396,262,5

EAFA,1,1,250,400,7,1,600,800,6,1,2000,2000,-3,1,6000,4000,3,1,9000,4000,5,0,0,0
EAFB,1,1,250,400,7,1,600,800,6,1,2000,2000,-3,1,6000,4000,3,1,9000,4000,5,0,0,0
EAFC,1,1,250,400,5,1,600,800,4,1,2000,2000,-2,1,6000,4000,2,1,9000,4000,4,0,0,0
EAFD,1,1,250,400,2,1,600,800,2,1,2000,2000,-1,1,6000,4000,1,1,9000,4000,2,0,0,0
EAFE,1,1,250,400,0,1,600,800,0,1,2000,2000,0,1,6000,4000,0,1,9000,4000,0,0,0,0

EAMA,1,1,250,400,7,1,600,800,6,1,2000,2000,-3,1,6000,4000,3,1,9000,4000,5,0,0,0
EAMB,1,1,250,400,7,1,600,800,6,1,2000,2000,-3,1,6000,4000,3,1,9000,4000,5,0,0,0
EAMC,1,1,250,400,5,1,600,800,4,1,2000,2000,-2,1,6000,4000,2,1,9000,4000,4,0,0,0
EAMD,1,1,250,400,2,1,600,800,2,1,2000,2000,-1,1,6000,4000,1,1,9000,4000,2,0,0,0
EAME,1,1,250,400,0,1,600,800,0,1,2000,2000,0,1,6000,4000,0,1,9000,4000,0,0,0,0

EBFA,1,1,180,160,7,1,700,500,1,1,1800,1600,-3,1,6000,4000,4,1,9000,4000,4,0,0,0
EBFB,1,1,180,160,7,1,700,500,1,1,1800,1600,-3,1,6000,4000,4,1,9000,4000,4,0,0,0
EBFC,1,1,180,160,5,1,700,500,0,1,1800,1600,-2,1,6000,4000,3,1,9000,4000,3,0,0,0
EBFD,1,1,180,160,2,1,700,500,0,1,1800,1600,-1,1,6000,4000,1,1,9000,4000,1,0,0,0
EBFE,1,1,180,160,0,1,700,500,0,1,1800,1600,0,1,6000,4000,0,1,9000,4000,0,0,0,0

EBMA,1,1,180,160,7,1,700,500,1,1,1800,1600,-3,1,6000,4000,4,1,9000,4000,4,0,0,0
EBMB,1,1,180,160,7,1,700,500,1,1,1800,1600,-3,1,6000,4000,4,1,9000,4000,4,0,0,0
EBMC,1,1,180,160,5,1,700,500,0,1,1800,1600,-2,1,6000,4000,3,1,9000,4000,3,0,0,0
EBMD,1,1,180,160,2,1,700,500,0,1,1800,1600,-1,1,6000,4000,1,1,9000,4000,1,0,0,0
EBME,1,1,180,160,0,1,700,500,0,1,1800,1600,0,1,6000,4000,0,1,9000,4000,0,0,0,0

ECFA,0,0,800,200,0,0,800,200,0,0,800,200,0,0,800,200,0,0,800,200,0,0,0,0
ECFB,0,0,800,200,0,0,800,200,0,0,800,200,0,0,800,200,0,0,800,200,0,0,0,0
ECFC,0,0,800,200,0,0,800,200,0,0,800,200,0,0,800,200,0,0,800,200,0,0,0,0
ECFD,0,0,800,200,0,0,800,200,0,0,800,200,0,0,800,200,0,0,800,200,0,0,0,0
ECFE,0,0,800,200,0,0,800,200,0,0,800,200,0,0,800,200,0,0,800,200,0,0,0,0

ECMA,0,0,800,200,0,0,800,200,0,0,800,200,0,0,800,200,0,0,800,200,0,0,0,0
ECMB,0,0,800,200,0,0,800,200,0,0,800,200,0,0,800,200,0,0,800,200,0,0,0,0
ECMC,0,0,800,200,0,0,800,200,0,0,800,200,0,0,800,200,0,0,800,200,0,0,0,0
ECMD,0,0,800,200,0,0,800,200,0,0,800,200,0,0,800,200,0,0,800,200,0,0,0,0
ECME,0,0,800,200,0,0,800,200,0,0,800,200,0,0,800,200,0,0,800,200,0,0,0,0

EDFA,0,0,800,200,0,0,800,200,0,0,800,200,0,0,800,200,0,0,800,200,0,0,0,0
EDFB,0,0,800,200,0,0,800,200,0,0,800,200,0,0,800,200,0,0,800,200,0,0,0,0
EDFC,0,0,800,200,0,0,800,200,0,0,800,200,0,0,800,200,0,0,800,200,0,0,0,0
EDFD,0,0,800,200,0,0,800,200,0,0,800,200,0,0,800,200,0,0,800,200,0,0,0,0
EDFE,0,0,800,200,0,0,800,200,0,0,800,200,0,0,800,200,0,0,800,200,0,0,0,0

EDMA,0,0,800,200,0,0,800,200,0,0,800,200,0,0,800,200,0,0,800,200,0,0,0,0
EDMB,0,0,800,200,0,0,800,200,0,0,800,200,0,0,800,200,0,0,800,200,0,0,0,0
EDMC,0,0,800,200,0,0,800,200,0,0,800,200,0,0,800,200,0,0,800,200,0,0,0,0
EDMD,0,0,800,200,0,0,800,200,0,0,800,200,0,0,800,200,0,0,800,200,0,0,0,0
EDME,0,0,800,200,0,0,800,200,0,0,800,200,0,0,800,200,0,0,800,200,0,0,0,0

